113,49,35,81,117,101,115,116,105,111,110,32,35,67,111,114,114,101,99,116,32,65,110,115,119,101,114,32,35,65,110,115,119,101,114,32,49,35,65,110,115,119,101,114,32,50,35,65,110,115,119,101,114,32,51,35,68,101,115,105,103,110,32,80,97,116,116,101,114,110,35,
113,50,35,81,117,101,115,116,105,111,110,32,35,67,111,114,114,101,99,116,32,65,110,115,119,101,114,32,35,65,110,115,119,101,114,32,49,35,65,110,115,119,101,114,32,50,35,65,110,115,119,101,114,32,51,35,68,101,115,105,103,110,32,80,97,116,116,101,114,110,35,
113,51,35,81,117,101,115,116,105,111,110,32,35,67,111,114,114,101,99,116,32,65,110,115,119,101,114,32,35,65,110,115,119,101,114,32,49,35,65,110,115,119,101,114,32,50,35,65,110,115,119,101,114,32,51,35,68,101,115,105,103,110,32,80,97,116,116,101,114,110,35,
113,52,35,81,117,101,115,116,105,111,110,32,35,67,111,114,114,101,99,116,32,65,110,115,119,101,114,32,35,65,110,115,119,101,114,32,49,35,65,110,115,119,101,114,32,50,35,65,110,115,119,101,114,32,51,35,68,101,115,105,103,110,32,80,97,116,116,101,114,110,35,
113,53,35,81,117,101,115,116,105,111,110,32,35,67,111,114,114,101,99,116,32,65,110,115,119,101,114,32,35,65,110,115,119,101,114,32,49,35,65,110,115,119,101,114,32,50,35,65,110,115,119,101,114,32,51,35,67,111,108,108,101,99,116,105,111,110,115,35,
113,54,35,81,117,101,115,116,105,111,110,32,35,67,111,114,114,101,99,116,32,65,110,115,119,101,114,32,35,65,110,115,119,101,114,32,49,35,65,110,115,119,101,114,32,50,35,65,110,115,119,101,114,32,51,35,67,111,108,108,101,99,116,105,111,110,115,35,
113,55,35,81,117,101,115,116,105,111,110,32,35,67,111,114,114,101,99,116,32,65,110,115,119,101,114,32,35,65,110,115,119,101,114,32,49,35,65,110,115,119,101,114,32,50,35,65,110,115,119,101,114,32,51,35,67,111,108,108,101,99,116,105,111,110,115,35,
113,56,35,81,117,101,115,116,105,111,110,32,35,67,111,114,114,101,99,116,32,65,110,115,119,101,114,32,35,65,110,115,119,101,114,32,49,35,65,110,115,119,101,114,32,50,35,65,110,115,119,101,114,32,51,35,67,111,108,108,101,99,116,105,111,110,115,35,
113,57,35,81,117,101,115,116,105,111,110,32,35,67,111,114,114,101,99,116,32,65,110,115,119,101,114,32,35,65,110,115,119,101,114,32,49,35,65,110,115,119,101,114,32,50,35,65,110,115,119,101,114,32,51,35,68,97,116,97,32,84,121,112,101,115,35,
113,49,48,35,81,117,101,115,116,105,111,110,32,35,67,111,114,114,101,99,116,32,65,110,115,119,101,114,32,35,65,110,115,119,101,114,32,49,35,65,110,115,119,101,114,32,50,35,65,110,115,119,101,114,32,51,35,68,97,116,97,32,84,121,112,101,115,35,
113,49,49,35,81,117,101,115,116,105,111,110,32,35,67,111,114,114,101,99,116,32,65,110,115,119,101,114,32,35,65,110,115,119,101,114,32,49,35,65,110,115,119,101,114,32,50,35,65,110,115,119,101,114,32,51,35,68,97,116,97,32,84,121,112,101,115,35,
113,49,50,35,81,117,101,115,116,105,111,110,32,35,67,111,114,114,101,99,116,32,65,110,115,119,101,114,32,35,65,110,115,119,101,114,32,49,35,65,110,115,119,101,114,32,50,35,65,110,115,119,101,114,32,51,35,68,97,116,97,32,84,121,112,101,115,35,
113,49,51,35,81,117,101,115,116,105,111,110,32,35,67,111,114,114,101,99,116,32,65,110,115,119,101,114,32,35,65,110,115,119,101,114,32,49,35,65,110,115,119,101,114,32,50,35,65,110,115,119,101,114,32,51,35,79,98,106,101,99,116,32,79,114,105,101,110,116,101,100,32,80,114,111,103,114,97,109,109,105,110,103,35,
113,49,52,35,81,117,101,115,116,105,111,110,32,35,67,111,114,114,101,99,116,32,65,110,115,119,101,114,32,35,65,110,115,119,101,114,32,49,35,65,110,115,119,101,114,32,50,35,65,110,115,119,101,114,32,51,35,79,98,106,101,99,116,32,79,114,105,101,110,116,101,100,32,80,114,111,103,114,97,109,109,105,110,103,35,
113,49,53,35,81,117,101,115,116,105,111,110,32,35,67,111,114,114,101,99,116,32,65,110,115,119,101,114,32,35,65,110,115,119,101,114,32,49,35,65,110,115,119,101,114,32,50,35,65,110,115,119,101,114,32,51,35,79,98,106,101,99,116,32,79,114,105,101,110,116,101,100,32,80,114,111,103,114,97,109,109,105,110,103,35,
113,49,54,35,81,117,101,115,116,105,111,110,32,35,67,111,114,114,101,99,116,32,65,110,115,119,101,114,32,35,65,110,115,119,101,114,32,49,35,65,110,115,119,101,114,32,50,35,65,110,115,119,101,114,32,51,35,79,98,106,101,99,116,32,79,114,105,101,110,116,101,100,32,80,114,111,103,114,97,109,109,105,110,103,35,
113,49,55,35,81,117,101,115,116,105,111,110,32,35,67,111,114,114,101,99,116,32,65,110,115,119,101,114,32,35,65,110,115,119,101,114,32,49,35,65,110,115,119,101,114,32,50,35,65,110,115,119,101,114,32,51,35,68,101,115,105,103,110,32,80,97,116,116,101,114,110,35,
